{"mappings": [{"source": "pelvis", "target": "Hips", "rest": [0.018399158492684364, -0.0006308406591415405, 0.9998307228088379, 173.40829467773438, 0.9836776852607727, -0.17901520431041718, -0.01821482926607132, 518.2802734375, 0.1789964735507965, 0.9838457703590393, -0.0026730780955404043, 91.95250701904297, 0.0, 0.0, 0.0, 1.0], "offset": [-0.17400284111499786, -0.9721249341964722, 0.1571468859910965, 0.0, 0.04583878815174103, 0.15141236782073975, 0.9874072670936584, 0.0, -0.9836776256561279, 0.17901501059532166, 0.01821485534310341, 0.0, 0.0, 0.0, 0.0, 1.0]}, {"source": "left_hip", "target": "LeftUpLeg", "rest": [0.018275627866387367, -0.0022198688238859177, -0.9998307228088379, 183.9213104248047, 0.9995250701904297, 0.024855030700564384, 0.018214832991361618, 516.2286376953125, 0.024810567498207092, -0.9996882677078247, 0.00267294910736382, 91.98163604736328, 0.0, 0.0, 0.0, 1.0], "offset": [1.0, 0.0, 0.0, 0.0, 0.0, -1.0, -1.5099580252808664e-07, 0.0, 0.0, 1.5099580252808664e-07, -1.0, 0.0, 0.0, 0.0, 0.0, 1.0]}, {"source": "left_knee", "target": "LeftLeg", "rest": [0.018275627866387367, -0.00221987790428102, -0.9998307228088379, 183.8247528076172, 0.9995250701904297, 0.02485485002398491, 0.018214832991361618, 517.309814453125, 0.024810386821627617, -0.9996882677078247, 0.0026729549281299114, 48.49520492553711, 0.0, 0.0, 0.0, 1.0], "offset": [1.0, 0.0, 0.0, 0.0, 0.0, 1.0, 0.0, 0.0, 0.0, 0.0, 1.0, 0.0, 0.0, 0.0, 0.0, 1.0]}, {"source": "left_ankle", "target": "LeftFoot", "rest": [-0.002219859277829528, -0.018275629729032516, -0.9998307228088379, 183.73069763183594, 0.02485586889088154, -0.9995250701904297, 0.018214832991361618, 518.3629760742188, -0.9996882677078247, -0.024811405688524246, 0.0026729549281299114, 6.136226654052734, 0.0, 0.0, 0.0, 1.0], "offset": [-4.371138828673793e-08, -1.0, 0.0, 0.0, 1.0, -4.371138828673793e-08, 0.0, 0.0, 0.0, 0.0, 1.0, 0.0, 0.0, 0.0, 0.0, 1.0]}, {"source": "right_foot", "target": "LeftToe", "rest": [-0.018275627866387367, 0.00222005438990891, -0.9998307228088379, 183.41453552246094, -0.9995250701904297, -0.0248548723757267, 0.01821482926607132, 501.07122802734375, -0.02481033280491829, 0.9996882677078247, 0.0026731316465884447, 5.7069902420043945, 0.0, 0.0, 0.0, 1.0], "offset": [1.0, 0.0, 0.0, 0.0, 0.0, 1.0, 0.0, 0.0, 0.0, 0.0, 1.0, 0.0, 0.0, 0.0, 0.0, 1.0]}, {"source": "right_hip", "target": "RightUpLeg", "rest": [0.018275713548064232, -0.002219883492216468, -0.9998307228088379, 162.8278350830078, 0.9995251893997192, 0.024854253977537155, 0.018214920535683632, 516.6129150390625, 0.024809760972857475, -0.9996883869171143, 0.002672951202839613, 92.03803253173828, 0.0, 0.0, 0.0, 1.0], "offset": [1.0, 8.74227694680485e-08, 8.742279078433057e-08, 0.0, 8.742277657347586e-08, -1.0, -1.5099578831723193e-07, 0.0, 8.742277657347586e-08, 1.5099580252808664e-07, -1.0, 0.0, 0.0, 0.0, 0.0, 1.0]}, {"source": "right_knee", "target": "RightLeg", "rest": [0.018275711685419083, -0.00221991166472435, -0.9998307228088379, 162.7312774658203, 0.999525249004364, 0.02485303021967411, 0.018214920535683632, 517.694091796875, 0.02480853721499443, -0.999688446521759, 0.0026729570236057043, 48.55156707763672, 0.0, 0.0, 0.0, 1.0], "offset": [1.0, 0.0, 0.0, 0.0, 0.0, 1.0, 0.0, 0.0, 0.0, 0.0, 1.0, 0.0, 0.0, 0.0, 0.0, 1.0]}, {"source": "right_ankle", "target": "RightFoot", "rest": [-0.0022198976948857307, -0.018275713548064232, -0.9998307228088379, 162.63722229003906, 0.024853788316249847, -0.999525249004364, 0.018214920535683632, 518.7471923828125, -0.999688446521759, -0.024809295311570168, 0.0026729570236057043, 6.192527770996094, 0.0, 0.0, 0.0, 1.0], "offset": [-4.371138828673793e-08, -1.0, 0.0, 0.0, 1.0, -4.371138828673793e-08, 0.0, 0.0, 0.0, 0.0, 1.0, 0.0, 0.0, 0.0, 0.0, 1.0]}, {"source": "right_foot", "target": "RightToe", "rest": [-0.018275709822773933, 0.002220084657892585, -0.9998307228088379, 162.32106018066406, -0.9995251893997192, -0.024853214621543884, 0.018214916810393333, 501.4554138183594, -0.024808816611766815, 0.9996883869171143, 0.0026731337420642376, 5.763327598571777, 0.0, 0.0, 0.0, 1.0], "offset": [1.0, 0.0, 0.0, 0.0, 0.0, 1.0, 0.0, 0.0, 0.0, 0.0, 1.0, 0.0, 0.0, 0.0, 0.0, 1.0]}, {"source": "spine1", "target": "Spine", "rest": [0.01827571913599968, 0.002220101421698928, 0.9998307228088379, 173.47120666503906, 0.9995250701904297, -0.02485567517578602, -0.018214914947748184, 520.7112426757812, 0.02481117844581604, 0.9996883869171143, -0.002673195442184806, 98.91691589355469, 0.0, 0.0, 0.0, 1.0], "offset": [1.0, -7.64274186065882e-15, -8.742277657347586e-08, 0.0, 0.0, 1.0, -8.742277657347586e-08, 0.0, 8.742277657347586e-08, 8.742277657347586e-08, 1.0, 0.0, 0.0, 0.0, 0.0, 1.0]}, {"source": "spine2", "target": "Spine1", "rest": [0.01827571727335453, 0.0022201240062713623, 0.9998307228088379, 173.49916076660156, 0.9995251297950745, -0.024854429066181183, -0.018214914947748184, 520.3983764648438, 0.024809934198856354, 0.9996883869171143, -0.002673195442184806, 111.5010986328125, 0.0, 0.0, 0.0, 1.0], "offset": [1.0, 0.0, 0.0, 0.0, 0.0, 1.0, 0.0, 0.0, 0.0, 0.0, 1.0, 0.0, 0.0, 0.0, 0.0, 1.0]}, {"source": "spine3", "target": "Spine2", "rest": [0.01815645955502987, 0.003045299556106329, 0.9998307228088379, 173.5265655517578, 0.9996254444122314, 0.02042516879737377, -0.018214914947748184, 520.0916137695312, -0.020477009937167168, 0.9997865557670593, -0.00267320335842669, 123.8404541015625, 0.0, 0.0, 0.0, 1.0], "offset": [1.0, 0.0, 0.0, 0.0, 0.0, 1.0, 0.0, 0.0, 0.0, 0.0, 1.0, 0.0, 0.0, 0.0, 0.0, 1.0]}, {"source": "neck", "target": "Neck", "rest": [0.01827571913599968, 0.0022201244719326496, 0.9998307228088379, 173.58392333984375, 0.9995251297950745, -0.024854402989149094, -0.018214914947748184, 519.4495239257812, 0.024809908121824265, 0.999688446521759, -0.002673195442184806, 149.66529846191406, 0.0, 0.0, 0.0, 1.0], "offset": [1.0, 0.0, 0.0, 0.0, 0.0, 1.0, 0.0, 0.0, 0.0, 0.0, 1.0, 0.0, 0.0, 0.0, 0.0, 1.0]}, {"source": "head", "target": "Head", "rest": [0.0022201091051101685, -0.018275897949934006, 0.9998307228088379, 173.61004638671875, -0.02485523745417595, -0.9995251297950745, -0.01821509189903736, 519.1570434570312, 0.999688446521759, -0.02481067180633545, -0.0026731998659670353, 161.42825317382812, 0.0, 0.0, 0.0, 1.0], "offset": [1.0, 0.0, 0.0, 0.0, 0.0, 1.0, 0.0, 0.0, 0.0, 0.0, 1.0, 0.0, 0.0, 0.0, 0.0, 1.0]}, {"source": "left_collar", "target": "LeftShoulder", "rest": [-0.01827571541070938, 0.9998307228088379, 0.0022200990933924913, 179.5965576171875, -0.9995251297950745, -0.018214916810393333, -0.024853836745023727, 520.97119140625, -0.024809343740344048, -0.002673159586265683, 0.9996885061264038, 143.60089111328125, 0.0, 0.0, 0.0, 1.0], "offset": [-1.0, -6.6002361555513294e-15, -1.5099580252808664e-07, 0.0, -1.5099580252808664e-07, 4.371138828673793e-08, 1.0, 0.0, 0.0, 1.0, -4.371138828673793e-08, 0.0, 0.0, 0.0, 0.0, 1.0]}, {"source": "left_shoulder", "target": "LeftArm", "rest": [-0.01827458292245865, 0.9998307228088379, 0.0022201070096343756, 190.87876892089844, -0.9995251297950745, -0.0182137843221426, -0.024853836745023727, 520.765625, -0.024809347465634346, -0.0026731393299996853, 0.9996885061264038, 143.5707244873047, 0.0, 0.0, 0.0, 1.0], "offset": [1.0, 0.0, 0.0, 0.0, 0.0, 1.0, 0.0, 0.0, 0.0, 0.0, 1.0, 0.0, 0.0, 0.0, 0.0, 1.0]}, {"source": "left_elbow", "target": "LeftForeArm", "rest": [-0.018274351954460144, 0.9998307228088379, 0.0022201070096343756, 223.87322998046875, -0.9995251297950745, -0.018213553354144096, -0.024853836745023727, 520.16455078125, -0.024809347465634346, -0.002673133509233594, 0.9996885061264038, 143.48251342773438, 0.0, 0.0, 0.0, 1.0], "offset": [1.0, 0.0, 0.0, 0.0, 0.0, 1.0, 0.0, 0.0, 0.0, 0.0, 1.0, 0.0, 0.0, 0.0, 0.0, 1.0]}, {"source": "left_wrist", "target": "LeftHand", "rest": [0.9998307228088379, 0.01827423647046089, 0.0022201102692633867, 249.0689697265625, -0.018213434144854546, 0.9995251297950745, -0.02485365979373455, 519.70556640625, -0.0026731304824352264, 0.02480917051434517, 0.9996885061264038, 143.41514587402344, 0.0, 0.0, 0.0, 1.0], "offset": [1.0, 0.0, 0.0, 0.0, 0.0, 1.0, 0.0, 0.0, 0.0, 0.0, 1.0, 0.0, 0.0, 0.0, 0.0, 1.0]}, {"source": "right_collar", "target": "RightShoulder", "rest": [-0.018275726586580276, -0.9998307228088379, -0.0022200997918844223, 167.59841918945312, -0.9995249509811401, 0.018214913085103035, 0.02485857717692852, 521.1897583007812, -0.02481408789753914, 0.002673247130587697, -0.9996883869171143, 143.6331787109375, 0.0, 0.0, 0.0, 1.0], "offset": [-1.0, -6.6002361555513294e-15, 1.5099580252808664e-07, 0.0, -1.5099580252808664e-07, 4.371138828673793e-08, -1.0, 0.0, 0.0, -1.0, -4.371138828673793e-08, 0.0, 0.0, 0.0, 0.0, 1.0]}, {"source": "right_shoulder", "target": "RightArm", "rest": [-0.01827118918299675, -0.9998307824134827, -0.0022201077081263065, 156.31617736816406, -0.9995250105857849, 0.018210377544164658, 0.02485857717692852, 521.3953247070312, -0.024814100936055183, 0.002673142356798053, -0.9996883869171143, 143.66334533691406, 0.0, 0.0, 0.0, 1.0], "offset": [1.0, 0.0, 0.0, 0.0, 0.0, 1.0, 0.0, 0.0, 0.0, 0.0, 1.0, 0.0, 0.0, 0.0, 0.0, 1.0]}, {"source": "right_elbow", "target": "RightForeArm", "rest": [-0.018279269337654114, -0.9998307228088379, -0.002203466137871146, 123.32167053222656, -0.9995253086090088, 0.018218914046883583, 0.024841321632266045, 521.9962768554688, -0.02479713037610054, 0.0026563946157693863, -0.9996888637542725, 143.75155639648438, 0.0, 0.0, 0.0, 1.0], "offset": [1.0, 0.0, 0.0, 0.0, 0.0, 1.0, 0.0, 0.0, 0.0, 0.0, 1.0, 0.0, 0.0, 0.0, 0.0, 1.0]}, {"source": "right_wrist", "target": "RightHand", "rest": [-0.9998307228088379, 0.018272457644343376, -0.0022201044484972954, 98.12617492675781, 0.01821158081293106, 0.9995249509811401, 0.024858752265572548, 522.4553833007812, 0.002673171926289797, 0.024814272299408913, -0.9996883869171143, 143.81849670410156, 0.0, 0.0, 0.0, 1.0], "offset": [1.0, 0.0, 0.0, 0.0, 0.0, 1.0, 0.0, 0.0, 0.0, 0.0, 1.0, 0.0, 0.0, 0.0, 0.0, 1.0]}], "ik_limbs": [], "correct_feet": false, "correct_hands": false}